depth	min95%	max95%	best	acc.rate
1	-54	-50	-52	0.137741046831956
2	-48	-42	-45	0.137741046831956
3	-41	-34	-37	0.137741046831956
4	-35	-25	-30	0.137741046831956
5	-28	-17	-23	0.137741046831956
6	-22	-9	-16	0.137741046831956
7	-15	-1	-8	0.137741046831956
8	-9	7	-1	0.137551581843191
9	-2	15	6	0.137551581843191
10	4	23	14	0.137551581843191
11	10	31	21	0.137551581843191
12	17	39	28	0.137551581843191
13	23	47	35	0.137551581843191
14	30	56	43	0.137362637362637
15	36	64	50	0.137362637362637
16	42	72	57	0.137362637362637
17	49	80	64	0.137362637362637
18	55	88	72	0.137174211248285
19	62	96	79	0.137174211248285
20	68	104	86	0.137174211248285
21	75	113	94	0.137174211248285
22	81	121	101	0.136986301369863
23	87	129	108	0.136986301369863
24	94	137	115	0.136798905608755
25	100	145	123	0.136798905608755
26	107	153	130	0.136798905608755
27	113	162	137	0.136612021857923
28	120	170	145	0.136612021857923
29	126	178	152	0.136425648021828
30	133	186	159	0.136425648021828
31	139	194	167	0.136425648021828
32	146	202	174	0.136239782016349
33	152	210	181	0.136239782016349
34	159	219	189	0.136054421768707
35	165	227	196	0.136054421768707
36	172	235	203	0.135869565217391
37	179	243	211	0.135685210312076
38	185	251	218	0.135685210312076
39	192	259	226	0.13550135501355
40	198	267	233	0.13550135501355
41	205	275	240	0.13531799729364
42	212	284	248	0.13531799729364
43	218	292	255	0.135135135135135
44	225	300	262	0.134952766531714
45	232	308	270	0.134952766531714
46	239	316	277	0.134770889487871
47	245	324	285	0.134589502018843
48	252	332	292	0.134408602150538
49	259	340	300	0.134408602150538
50	266	348	307	0.134228187919463
51	272	357	314	0.134048257372654
52	279	365	322	0.133868808567604
53	286	373	329	0.133868808567604
54	293	381	337	0.133689839572192
55	300	389	344	0.133511348464619
56	306	397	352	0.133333333333333
57	313	405	359	0.133155792276964
58	320	413	367	0.132978723404255
59	327	421	374	0.132978723404255
60	334	429	382	0.132802124833997
61	341	438	389	0.13262599469496
62	348	446	397	0.132450331125828
63	355	454	404	0.132275132275132
64	362	462	412	0.132100396301189
65	369	470	420	0.131926121372032
66	376	478	427	0.131752305665349
67	384	486	435	0.131578947368421
68	391	494	442	0.131406044678055
69	398	502	450	0.131233595800525
70	405	510	458	0.131061598951507
71	412	518	465	0.130890052356021
72	420	526	473	0.130718954248366
73	427	534	481	0.130548302872063
74	434	542	488	0.130378096479791
75	441	550	496	0.130039011703511
76	449	558	504	0.12987012987013
77	456	566	511	0.12970168612192
78	463	575	519	0.129533678756477
79	471	583	527	0.129366106080207
80	478	591	534	0.129198966408269
81	486	599	542	0.128865979381443
82	493	607	550	0.128700128700129
83	501	615	558	0.12853470437018
84	508	623	565	0.128369704749679
85	516	631	573	0.128040973111396
86	523	639	581	0.127877237851662
87	531	647	589	0.127713920817369
88	538	655	597	0.127551020408163
89	546	663	605	0.127226463104326
90	554	671	612	0.127064803049555
91	562	679	620	0.126903553299492
92	569	687	628	0.126582278481013
93	577	695	636	0.126422250316056
94	585	703	644	0.126103404791929
95	593	711	652	0.125944584382872
96	601	719	660	0.125628140703518
97	608	727	668	0.125470514429109
98	616	735	676	0.12531328320802
99	624	743	684	0.125
100	632	751	692	0.124843945068664
101	640	759	700	0.12453300124533
102	648	767	708	0.124378109452736
103	656	775	716	0.124069478908189
104	664	783	724	0.123762376237624
105	672	791	732	0.123609394313968
106	680	799	740	0.123304562268804
107	688	807	748	0.123152709359606
108	697	815	756	0.122850122850123
109	705	824	764	0.122549019607843
110	713	832	773	0.122399020807834
111	721	840	781	0.122100122100122
112	729	848	789	0.121951219512195
113	737	856	797	0.121654501216545
114	746	864	805	0.121359223300971
115	754	872	814	0.121065375302663
116	762	880	822	0.120918984280532
117	771	889	830	0.120627261761158
118	779	897	838	0.120336943441637
119	787	905	847	0.120048019207683
120	795	913	855	0.119904076738609
121	804	922	863	0.119617224880383
122	812	930	872	0.119331742243437
123	821	939	880	0.119047619047619
124	829	947	889	0.118764845605701
125	838	956	897	0.118483412322275
126	846	964	905	0.118203309692671
127	855	973	914	0.117924528301887
128	863	981	922	0.117647058823529
129	872	989	931	0.117370892018779
130	880	998	939	0.117096018735363
131	889	1006	948	0.116822429906542
132	898	1015	956	0.116550116550117
133	906	1024	965	0.116279069767442
134	915	1032	974	0.116009280742459
135	924	1041	982	0.115740740740741
136	933	1050	991	0.115473441108545
137	941	1058	1000	0.115207373271889
138	950	1067	1008	0.114810562571757
139	959	1076	1017	0.11454753722795
140	968	1084	1026	0.114285714285714
141	977	1093	1034	0.114025085518814
142	986	1102	1043	0.113636363636364
143	995	1111	1052	0.113378684807256
144	1004	1120	1061	0.113122171945701
145	1013	1128	1070	0.112739571589628
146	1022	1137	1079	0.112485939257593
147	1031	1146	1087	0.112233445566779
148	1040	1155	1096	0.111856823266219
149	1049	1164	1105	0.111607142857143
150	1058	1173	1114	0.111234705228031
151	1067	1182	1123	0.110987791342952
152	1077	1191	1132	0.110619469026549
153	1086	1200	1141	0.11037527593819
154	1095	1209	1150	0.11001100110011
155	1105	1218	1159	0.109769484083425
156	1114	1227	1169	0.109409190371991
157	1123	1236	1178	0.109170305676856
158	1133	1245	1187	0.108813928182807
159	1142	1254	1196	0.108459869848156
160	1152	1263	1205	0.108225108225108
161	1161	1273	1214	0.107874865156419
162	1171	1282	1224	0.10752688172043
163	1180	1291	1233	0.107296137339056
164	1190	1301	1242	0.106951871657754
165	1199	1310	1252	0.106609808102345
166	1209	1319	1261	0.106269925611052
167	1219	1328	1270	0.106044538706257
168	1229	1338	1280	0.105708245243129
169	1239	1347	1289	0.105374077976818
170	1248	1356	1299	0.105042016806723
171	1258	1365	1308	0.104712041884817
172	1268	1375	1318	0.104384133611691
173	1278	1384	1328	0.104058272632674
174	1288	1394	1337	0.103734439834025
175	1298	1403	1347	0.103412616339193
176	1308	1413	1356	0.103092783505155
177	1318	1422	1366	0.102774922918808
178	1328	1432	1376	0.102459016393443
179	1338	1441	1386	0.102145045965271
180	1348	1451	1395	0.10183299389002
181	1358	1460	1405	0.101522842639594
182	1368	1470	1415	0.101214574898785
183	1379	1480	1425	0.100908173562059
184	1389	1489	1435	0.100603621730382
185	1399	1499	1445	0.100200400801603
186	1409	1509	1455	0.0999000999000999
187	1420	1519	1465	0.099601593625498
188	1430	1528	1475	0.099304865938431
189	1440	1538	1485	0.0989119683481701
190	1451	1548	1495	0.0986193293885601
191	1461	1558	1505	0.0983284169124877
192	1471	1568	1515	0.0980392156862745
193	1482	1578	1526	0.09765625
194	1492	1588	1536	0.0973709834469328
195	1503	1598	1546	0.0969932104752667
196	1513	1608	1556	0.0967117988394584
197	1524	1618	1567	0.0963391136801541
198	1534	1629	1577	0.0960614793467819
199	1545	1639	1587	0.0957854406130268
200	1555	1650	1598	0.0954198473282443
201	1566	1660	1608	0.0950570342205323
202	1576	1671	1619	0.0947867298578199
203	1586	1682	1629	0.0944287063267233
204	1597	1693	1640	0.0941619585687382
205	1607	1704	1651	0.0938086303939962
206	1618	1715	1661	0.0935453695042096
207	1628	1726	1672	0.0931966449207828
208	1639	1737	1683	0.0928505106778087
209	1649	1749	1694	0.0925925925925926
210	1660	1760	1704	0.0922509225092251
211	1670	1771	1715	0.0919963201471941
212	1681	1783	1726	0.0916590284142988
213	1691	1794	1737	0.0914076782449726
214	1701	1806	1748	0.0911577028258888
215	1712	1817	1759	0.0908265213442325
216	1722	1829	1770	0.0905797101449275
217	1733	1840	1781	0.0903342366757001
218	1743	1852	1792	0.0900900900900901
219	1754	1864	1803	0.0897666068222621
220	1764	1876	1814	0.0895255147717099
221	1775	1888	1825	0.0892857142857143
222	1785	1900	1837	0.0890471950133571
223	1796	1912	1848	0.088809946714032
224	1807	1924	1859	0.0885739592559787
225	1817	1936	1870	0.088339222614841
226	1828	1948	1882	0.0881057268722467
227	1839	1960	1893	0.0878734622144112
228	1849	1973	1904	0.0876424189307625
229	1860	1985	1916	0.0874125874125874
230	1871	1997	1927	0.0871839581517001
231	1882	2009	1939	0.0869565217391304
232	1892	2022	1950	0.0868055555555556
233	1903	2034	1962	0.0865800865800866
234	1914	2046	1973	0.0863557858376511
235	1925	2059	1985	0.0861326442721792
236	1936	2071	1996	0.0859845227858985
237	1947	2084	2008	0.0857632933104631
238	1958	2096	2020	0.0856164383561644
239	1969	2109	2031	0.085397096498719
240	1980	2121	2043	0.0852514919011083
241	1992	2134	2055	0.0850340136054422
242	2003	2146	2067	0.0848896434634975
243	2014	2159	2078	0.0846740050804403
244	2025	2171	2090	0.084530853761623
245	2036	2184	2102	0.0843170320404722
246	2048	2196	2114	0.0841750841750842
247	2059	2209	2126	0.0840336134453781
248	2070	2222	2138	0.0838926174496644
249	2082	2234	2150	0.0836820083682008
250	2093	2247	2162	0.0835421888053467
251	2105	2259	2174	0.0834028356964137
252	2116	2272	2186	0.0832639467110741
253	2127	2284	2198	0.0831255195344971
254	2139	2297	2210	0.0829875518672199
255	2150	2310	2222	0.0828500414250207
256	2162	2322	2234	0.0827129859387924
257	2173	2335	2246	0.0825763831544178
258	2185	2348	2258	0.0824402308326463
259	2197	2361	2270	0.0823045267489712
260	2208	2373	2282	0.0821692686935086
261	2220	2386	2294	0.0820344544708778
262	2231	2399	2307	0.0819000819000819
263	2243	2411	2319	0.0818330605564648
264	2255	2424	2331	0.0816993464052288
265	2267	2437	2343	0.0815660685154976
266	2278	2449	2355	0.0814995925020375
267	2290	2462	2368	0.0813669650122051
268	2302	2475	2380	0.0812347684809098
269	2314	2488	2392	0.0811688311688312
270	2326	2500	2405	0.0810372771474878
271	2338	2513	2417	0.0809716599190283
272	2350	2526	2429	0.0808407437348424
273	2362	2538	2442	0.0807754442649435
274	2374	2551	2454	0.0806451612903226
275	2386	2564	2467	0.08058017727639
276	2398	2576	2479	0.0805152979066023
277	2410	2589	2491	0.0803858520900322
278	2422	2602	2504	0.0803212851405622
279	2434	2614	2516	0.0802568218298555
280	2447	2627	2529	0.0801924619085806
281	2459	2640	2541	0.0801282051282051
282	2471	2653	2554	0.08
283	2483	2665	2566	0.0799360511590727
284	2495	2678	2579	0.0798722044728434
285	2508	2691	2591	0.0798084596967279
286	2520	2704	2604	0.0797448165869219
287	2532	2717	2616	0.0796812749003984
288	2544	2729	2629	0.0796178343949045
289	2556	2742	2641	0.0795544948289578
290	2568	2755	2654	0.0794912559618442
291	2581	2768	2666	0.079428117553614
292	2593	2781	2679	0.0793650793650794
293	2605	2794	2692	0.0793021411578113
294	2618	2806	2704	0.0792393026941363
295	2630	2819	2717	0.0791765637371338
296	2642	2832	2730	0.0791139240506329
297	2655	2845	2742	0.0789889415481833
298	2667	2858	2755	0.0789265982636148
299	2680	2870	2768	0.0788643533123028
300	2692	2883	2780	0.0788022064617809
301	2705	2896	2793	0.078740157480315
302	2717	2909	2806	0.0786782061369001
303	2729	2922	2818	0.0786163522012579
304	2742	2934	2831	0.0785545954438335
305	2754	2947	2844	0.0784929356357928
306	2767	2960	2856	0.0783699059561129
307	2779	2972	2869	0.0783085356303837
308	2791	2985	2882	0.0782472613458529
309	2804	2998	2895	0.0781860828772479
310	2816	3011	2908	0.078125
311	2829	3024	2920	0.078064012490242
312	2841	3037	2933	0.078003120124805
313	2854	3050	2946	0.0778816199376947
314	2866	3062	2959	0.0778210116731518
315	2879	3075	2972	0.0777604976671851
316	2891	3088	2985	0.0777000777000777
317	2903	3100	2997	0.077639751552795
318	2916	3113	3010	0.0775193798449612
319	2929	3126	3023	0.0774593338497289
320	2941	3139	3036	0.0773993808049536
321	2953	3151	3049	0.0773395204949729
322	2966	3164	3062	0.0772797527047913
323	2979	3177	3075	0.0771604938271605
324	2991	3190	3088	0.0771010023130301
325	3004	3202	3101	0.0770416024653313
326	3016	3215	3114	0.0769822940723634
327	3029	3228	3127	0.0768639508070715
328	3041	3241	3140	0.0768049155145929
329	3054	3253	3153	0.0767459708365311
330	3066	3266	3166	0.0766871165644172
331	3079	3279	3179	0.0765696784073507
332	3091	3291	3192	0.0765110941086457
333	3104	3304	3205	0.0764525993883792
334	3117	3316	3218	0.0763941940412529
335	3129	3329	3231	0.07627765064836
336	3142	3342	3244	0.0762195121951219
337	3154	3355	3257	0.0761614623000762
338	3167	3368	3271	0.076103500761035
339	3179	3381	3284	0.0759878419452888
340	3192	3393	3297	0.0759301442672741
341	3205	3406	3310	0.0758725341426404
342	3218	3419	3323	0.0757575757575758
343	3231	3432	3336	0.0757002271006813
344	3243	3445	3350	0.075642965204236
345	3256	3457	3363	0.0755287009063444
346	3268	3470	3376	0.0754716981132075
347	3281	3483	3389	0.0754147812971342
348	3293	3496	3403	0.0753012048192771
349	3306	3508	3416	0.0752445447705041
350	3319	3521	3429	0.075187969924812
351.02	3331	3534	3443	0.0750750750750751
352.06	3344	3548	3457	0.0750187546886722
353.1	3358	3561	3470	0.0749063670411985
354.14	3371	3575	3484	0.0748502994011976
355.18	3384	3588	3498	0.074794315632012
356.22	3397	3602	3512	0.0746825989544436
357.26	3410	3616	3526	0.0746268656716418
358.3	3423	3629	3540	0.0745156482861401
359.34	3437	3643	3554	0.0744601638123604
360.38	3451	3656	3568	0.0744047619047619
361.42	3464	3670	3582	0.0742942050520059
362.46	3477	3684	3596	0.0742390497401633
363.5	3490	3698	3610	0.0741289844329133
364.54	3503	3712	3624	0.0740740740740741
365.58	3516	3726	3638	0.0739644970414201
366.62	3529	3740	3652	0.073909830007391
367.66	3542	3754	3666	0.0738007380073801
368.7	3556	3768	3680	0.0737463126843658
369.74	3570	3782	3694	0.0736377025036819
370.78	3583	3796	3708	0.0735835172921266
371.82	3596	3810	3723	0.0734753857457752
372.86	3610	3824	3737	0.0734214390602056
373.9	3623	3838	3751	0.0733137829912023
374.94	3637	3852	3765	0.0732600732600733
375.98	3651	3867	3779	0.0731528895391368
377.02	3664	3881	3794	0.0730460189919649
378.06	3677	3895	3808	0.072992700729927
379.1	3691	3909	3822	0.0728862973760933
380.14	3705	3923	3836	0.0727802037845706
381.18	3718	3937	3851	0.0727272727272727
382.22	3733	3952	3865	0.0726216412490922
383.26	3746	3966	3879	0.0725689404934688
384.3	3760	3980	3894	0.072463768115942
385.34	3773	3995	3908	0.0724112961622013
386.38	3787	4009	3922	0.0723065798987708
387.42	3801	4024	3937	0.0722543352601156
388.46	3815	4039	3951	0.0721500721500722
389.5	3829	4053	3965	0.0720461095100865
390.54	3843	4067	3980	0.0719942404607631
391.58	3857	4082	3994	0.0718907260963336
392.62	3871	4097	4009	0.0718390804597701
393.66	3886	4111	4023	0.0717360114777618
394.7	3900	4126	4038	0.0716332378223496
395.74	3914	4141	4052	0.0715307582260372
396.78	3928	4155	4067	0.0714285714285714
397.82	3942	4170	4081	0.0713266761768902
398.86	3957	4186	4096	0.0712250712250712
399.9	3971	4201	4111	0.0710732054015636
400.94	3985	4216	4125	0.0709219858156028
401.98	3999	4231	4140	0.0708215297450425
403.02	4014	4246	4155	0.0705716302046577
404.06	4028	4261	4169	0.0704225352112676
405.1	4043	4277	4184	0.0702247191011236
406.14	4057	4292	4199	0.0700770847932726
407.18	4072	4308	4214	0.0698812019566736
408.22	4087	4324	4229	0.0697350069735007
409.26	4101	4339	4244	0.0695410292072323
410.3	4116	4355	4259	0.0693000693000693
411.34	4132	4371	4274	0.0691085003455425
412.38	4147	4387	4289	0.0689179875947622
413.42	4162	4402	4304	0.0686813186813187
414.46	4177	4418	4319	0.0684462696783025
415.5	4192	4435	4334	0.068259385665529
416.54	4207	4451	4349	0.0680272108843537
417.58	4222	4468	4365	0.0677506775067751
418.62	4238	4484	4380	0.0675219446320054
419.66	4253	4501	4395	0.0672947510094213
420.7	4269	4519	4411	0.0670241286863271
421.74	4284	4536	4427	0.0667556742323097
422.78	4300	4553	4442	0.0664893617021277
423.82	4316	4570	4458	0.0662251655629139
424.86	4332	4587	4474	0.0659630606860158
425.9	4348	4605	4489	0.0657030223390276
426.94	4364	4623	4505	0.065402223675605
427.98	4380	4640	4521	0.0651041666666667
429.02	4396	4659	4537	0.0646830530401035
430.06	4411	4677	4553	0.0643915003219575
431.1	4428	4695	4569	0.0641025641025641
432.14	4445	4714	4586	0.0637755102040816
433.18	4461	4732	4602	0.0634920634920635
434.22	4477	4751	4618	0.0631711939355654
435.26	4493	4769	4635	0.0628535512256442
436.3	4510	4788	4651	0.0625390869293308
437.34	4527	4807	4668	0.0622277535780958
438.38	4544	4826	4685	0.0619195046439629
439.42	4561	4845	4701	0.0616142945163278
440.46	4578	4864	4718	0.0612745098039216
441.5	4595	4882	4735	0.0609384521633151
442.54	4612	4901	4752	0.0606060606060606
443.58	4630	4919	4770	0.0602772754671489
444.62	4648	4938	4787	0.0599520383693046
445.66	4666	4956	4804	0.0596302921884317
446.7	4684	4975	4822	0.0592768227622999
447.74	4702	4995	4839	0.0589622641509434
448.78	4720	5014	4857	0.0586166471277843
449.82	4738	5034	4875	0.0582750582750583
451	4759	5056	4895	0.0577367205542725
452	4777	5075	4912	0.0574052812858783
453	4795	5095	4930	0.0570776255707763
454	4812	5115	4947	0.0567214974475326
455	4830	5135	4965	0.0564015792442188
456	4849	5154	4983	0.0560538116591928
457	4867	5174	5001	0.0557103064066852
458	4885	5194	5019	0.0553709856035437
459	4903	5214	5037	0.0550357732526142
460	4922	5233	5055	0.0547045951859956
461	4941	5253	5073	0.0543478260869565
462	4960	5274	5091	0.0540248514316586
463	4979	5294	5110	0.0536768652710682
464	4997	5314	5129	0.0533333333333333
465	5017	5334	5147	0.0529941706412295
466	5036	5355	5166	0.0526592943654555
467	5056	5375	5185	0.0523286237571952
468	5075	5396	5204	0.051975051975052
469	5095	5417	5224	0.0516528925619835
470	5114	5439	5243	0.0513083632632119
471	5134	5460	5262	0.0509683995922528
472	5154	5481	5282	0.0506329113924051
473	5175	5502	5302	0.0503018108651912
474	5195	5523	5322	0.0499750124937531
475	5215	5545	5342	0.0496277915632754
476	5236	5566	5362	0.0492853622474125
477	5257	5588	5382	0.0489715964740451
478	5278	5610	5403	0.0486381322957198
479	5299	5632	5423	0.0483091787439614
480	5320	5654	5444	0.0479846449136276
481	5341	5676	5465	0.0476417341591234
482	5363	5698	5486	0.0473260766682442
483	5384	5721	5507	0.0469924812030075
484	5406	5743	5528	0.0466635557629491
485	5427	5766	5549	0.046339202965709
486	5449	5789	5571	0.0460193281178095
487	5472	5812	5593	0.0457038391224863
488	5494	5835	5615	0.0453926463912846
489	5517	5858	5637	0.0450653447498873
490	5539	5881	5659	0.044762757385855
491	5562	5904	5681	0.0444444444444444
492	5585	5927	5704	0.0441306266548985
493	5608	5950	5726	0.0438212094653812
494	5631	5974	5749	0.0435161009573542
495	5655	5997	5772	0.0431965442764579
496	5678	6021	5795	0.0429000429000429
497	5702	6045	5819	0.0425894378194208
498	5726	6068	5842	0.0422832980972516
499	5751	6092	5866	0.0419815281276238
500	5775	6116	5890	0.0416840350145894
501	5799	6141	5914	0.0413907284768212
502	5824	6166	5938	0.0410846343467543
503	5849	6191	5962	0.0407996736026112
504	5874	6216	5987	0.0405022276225192
505	5899	6241	6011	0.0402090872537193
506	5924	6267	6036	0.0399201596806387
507	5950	6292	6061	0.0396353547364249
508	5975	6318	6086	0.0393545848091303
509	6001	6344	6112	0.0390777647518562
510	6027	6370	6137	0.0387897595034911
511	6054	6395	6163	0.0385059684251059
512	6080	6421	6189	0.0382409177820268
513	6107	6447	6215	0.0379650721336371
514	6134	6473	6242	0.0376789751318764
515	6161	6499	6268	0.0374111485222596
516	6189	6526	6295	0.037147102526003
517	6216	6553	6322	0.0368731563421829
518	6244	6579	6349	0.0366032210834553
519	6272	6605	6376	0.0363504180298073
520	6300	6632	6404	0.0360880548538434
521	6328	6659	6432	0.0358166189111748
522	6356	6687	6459	0.0355618776671408
523	6385	6715	6488	0.0353107344632768
524	6413	6743	6516	0.0350508236943568
525	6442	6772	6544	0.034794711203897
526	6471	6800	6573	0.0345423143350604
527	6501	6829	6602	0.0342935528120713
528	6530	6857	6631	0.0340483486550902
529	6560	6884	6661	0.0338066260987153
530	6589	6912	6690	0.0335683115139309
531	6619	6940	6720	0.0333333333333333
532	6649	6969	6750	0.033112582781457
533	6679	6998	6780	0.0328947368421053
534	6709	7026	6811	0.03269042170644
535	6739	7055	6841	0.032499187520312
536	6769	7085	6872	0.0323101777059774
537	6800	7116	6903	0.032133676092545
538	6830	7145	6934	0.0319693094629156
539	6861	7176	6965	0.0318066157760814
540	6892	7205	6997	0.0316555872111428
541	6923	7234	7028	0.0315159155373464
542	6954	7265	7060	0.0313774709758393
543	6985	7297	7092	0.03125
544	7016	7328	7124	0.0311235605353252
545	7047	7358	7156	0.0310077519379845
546	7079	7388	7188	0.030902348578492
547	7110	7419	7221	0.0307976593778873
548	7140	7450	7253	0.0307031010132023
549	7171	7480	7286	0.0306184935701164
550	7201	7511	7318	0.0305343511450382
551	7232	7542	7351	0.0304599451720987
552	7263	7573	7384	0.0303951367781155
553	7295	7605	7417	0.0303306035790112
554	7325	7636	7450	0.0302755071147442
555	7356	7667	7483	0.0302206104563312
556	7387	7698	7516	0.0301750150875075
557	7417	7730	7549	0.0301386377335744
558	7448	7761	7582	0.0301114122252334
559	7479	7793	7615	0.0300842358604091
560	7510	7825	7649	0.0300571085061617
561	7542	7855	7682	0.0300480769230769
562	7573	7888	7715	0.0300390507659958
563	7604	7919	7749	0.03003003003003
564	7635	7951	7782	0.03003003003003
565	7667	7982	7815	0.0300390507659958
566	7698	8014	7848	0.0300571085061617
567	7729	8046	7882	0.0300751879699248
568	7760	8076	7915	0.0301023479831427
569	7791	8107	7948	0.0301295570955107
570	7823	8138	7981	0.0301659125188537
571	7854	8170	8015	0.0302114803625378
572	7885	8199	8048	0.0302571860816944
573	7915	8229	8081	0.0303122158229767
574	7947	8260	8114	0.0303766707168894
575	7978	8291	8147	0.030441400304414
576	8010	8323	8179	0.0305157155935307
577	8041	8355	8212	0.0305903946160906
578	8073	8387	8245	0.0306842589751457
579	8104	8418	8278	0.0307692307692308
580	8135	8449	8310	0.0308737264587836
581	8166	8481	8342	0.0309789343246592
582	8197	8513	8375	0.0310945273631841
583	8228	8545	8407	0.031210986267166
584	8259	8576	8439	0.0313381385145722
585	8288	8609	8471	0.0314762354422411
586	8319	8640	8503	0.0316155548529877
587	8350	8671	8534	0.0317662007623888
588	8380	8704	8566	0.0319182891797
589	8410	8736	8597	0.0320821302534488
590	8441	8767	8628	0.032258064516129
591	8470	8800	8659	0.0324464633354964
592	8500	8830	8690	0.0326370757180157
593	8529	8860	8721	0.0328299409061064
594	8558	8891	8751	0.0330469266358229
595	8587	8922	8781	0.0332667997338656
596	8616	8954	8811	0.033500837520938
597	8644	8985	8841	0.0337381916329285
598	8673	9015	8871	0.0339904826648538
599	8702	9046	8900	0.0342465753424658
600	8730	9075	8930	0.0345065562456867
601	8758	9105	8959	0.0347705146036161
602	8787	9136	8987	0.0350262697022767
603	8815	9167	9016	0.0352858151023289
604	8843	9198	9044	0.0355492356914326
605	8871	9227	9072	0.0358037952022914
606	8898	9256	9100	0.0360620266858997
607	8926	9287	9128	0.0363108206245461
608	8954	9316	9155	0.036563071297989
609	8981	9345	9183	0.0368052999631947
610	9007	9376	9210	0.0370507595405706
611	9033	9407	9237	0.0372995151063036
612	9061	9436	9264	0.0375375375375375
613	9088	9466	9290	0.0377786173026067
614	9113	9495	9317	0.0380083618396047
615	9139	9524	9343	0.0382409177820268
616	9165	9555	9369	0.0384763370527126
617	9191	9585	9395	0.0386996904024768
618	9218	9615	9421	0.0389256520046711
619	9244	9643	9447	0.0391389432485323
620	9270	9673	9472	0.0393545848091303
621	9296	9703	9498	0.0395726157499011
622	9322	9733	9523	0.0397772474144789
623	9348	9762	9548	0.0399680255795364
624	9374	9791	9573	0.0401767778224186
625	9400	9821	9598	0.040371417036738
626	9426	9850	9623	0.040551500405515
627	9452	9878	9648	0.0407331975560081
628	9478	9907	9672	0.0409165302782324
629	9503	9934	9697	0.0410846343467543
630	9529	9961	9721	0.0412541254125413
631	9555	9990	9745	0.041407867494824
632	9581	10018	9769	0.0415627597672485
633	9606	10046	9793	0.0417188151856487
634	9632	10074	9817	0.0418585182084554
635	9657	10102	9841	0.0419991600167997
636	9682	10130	9865	0.04212299915754
637	9708	10158	9889	0.042247570764681
638	9733	10187	9912	0.0423728813559322
639	9758	10215	9936	0.0424808836023789
640	9783	10244	9960	0.0425894378194208
641	9808	10273	9983	0.0426803243704652
642	9833	10302	10007	0.0427715996578272
643	9858	10330	10030	0.0428449014567266
644	9883	10358	10053	0.0429184549356223
645	9908	10385	10077	0.0429922613929493
646	9933	10413	10100	0.0430477830391735
647	9958	10442	10123	0.0431034482758621
648	9983	10469	10146	0.0431592576607682
649	10007	10497	10169	0.0431965442764579
650	10033	10525	10193	0.0432152117545376
651	10058	10552	10216	0.0432338953739732
652	10084	10578	10239	0.0432525951557093
653	10109	10604	10262	0.043271311120727
654	10134	10630	10285	0.043271311120727
655	10159	10655	10308	0.0432525951557093
656	10184	10682	10331	0.0432338953739732
657	10209	10710	10354	0.0432152117545376
658	10234	10739	10378	0.0431778929188256
659	10260	10768	10401	0.0431406384814495
660	10286	10795	10424	0.0431034482758621
661	10311	10822	10447	0.0430477830391735
662	10336	10849	10470	0.0429922613929493
663	10361	10876	10494	0.0429184549356223
664	10386	10904	10517	0.0428449014567266
665	10412	10931	10540	0.0427533133817871
666	10437	10958	10564	0.0426621160409556
667	10462	10987	10587	0.042571306939123
668	10487	11013	10611	0.0424628450106157
669	10513	11039	10634	0.0423549343498518
670	10539	11064	10658	0.0422297297297297
671	10565	11090	10681	0.0421052631578947
672	10591	11116	10705	0.0419815281276238
673	10617	11142	10729	0.0418410041841004
674	10642	11168	10753	0.0417014178482068
675	10668	11194	10777	0.0415454923140839
676	10694	11220	10801	0.0413907284768212
677	10720	11246	10825	0.0412371134020619
678	10745	11272	10849	0.0410677618069815
679	10772	11299	10874	0.0408997955010225
680	10798	11326	10898	0.0407166123778502
681	10824	11352	10923	0.0405350628293474
682	10850	11379	10947	0.0403388463089956
683	10876	11405	10972	0.0401445202729827
684	10903	11431	10997	0.0399520575309628
685	10929	11458	11022	0.0397456279809221
686	10955	11484	11047	0.0395413206801107
687	10982	11510	11073	0.0393236335037357
688	11009	11536	11098	0.0391083300743058
689	11035	11562	11124	0.0388953714507974
690	11062	11588	11149	0.0386697602474865
691	11088	11613	11175	0.0384467512495194
692	11115	11639	11201	0.0382116927779901
693	11141	11664	11227	0.0379794910748196
694	11166	11690	11254	0.0377500943752359
695	11193	11716	11280	0.0375093773443361
696	11219	11742	11307	0.0372717107715244
697	11245	11768	11334	0.0370233246945576
698	11271	11794	11361	0.0368052999631947
699	11297	11820	11388	0.0365764447695684
700	11323	11846	11415	0.0363768643142961
701	11349	11872	11443	0.0361794500723589
702	11374	11898	11470	0.0359841669665347
703	11399	11923	11498	0.0358166189111748
704	11424	11950	11526	0.035650623885918
705	11450	11975	11554	0.035486160397445
706	11475	12001	11582	0.0353481795687522
707	11500	12027	11610	0.0351988736360436
708	11526	12054	11639	0.0350754121360926
709	11551	12081	11667	0.034952813701503
710	11576	12109	11696	0.0348432055749129
711	11602	12135	11725	0.0347342827370615
712	11627	12160	11754	0.0346380325597506
713	11653	12184	11782	0.0345542501727713
714	11678	12209	11811	0.0344708721130645
715	11705	12235	11840	0.0343997248022016
716	11731	12261	11869	0.0343288705801579
717	11757	12287	11899	0.0342817963661296
718	11783	12311	11928	0.0342231348391513
719	11808	12336	11957	0.0341880341880342
720	11834	12363	11986	0.0341530054644809
721	11859	12389	12015	0.0341180484476288
722	11885	12416	12045	0.034106412005457
723	11911	12442	12074	0.0340947834981248
724	11937	12468	12103	0.0340831629175187
725	11963	12494	12133	0.0340831629175187
726	11989	12520	12162	0.0340947834981248
727	12015	12546	12191	0.0341180484476288
728	12041	12572	12221	0.0341413451689997
729	12067	12598	12250	0.0341763499658236
730	12093	12624	12279	0.0342114266164899
731	12118	12650	12309	0.0342583076396026
732	12144	12676	12338	0.0343170899107756
733	12170	12701	12367	0.0343760742523204
734	12197	12727	12396	0.034447123665174
735	12222	12752	12425	0.0345184673800483
736	12248	12777	12454	0.0346020761245675
737	12274	12802	12483	0.0346981263011797
738	12300	12827	12512	0.0348068221371389
739	12326	12852	12540	0.0349162011173184
740	12351	12877	12569	0.0350262697022767
741	12377	12902	12598	0.0351617440225035
742	12403	12926	12626	0.0352982703847511
743	12429	12951	12654	0.0354358610914245
744	12454	12976	12683	0.0355871886120996
745	12479	13000	12711	0.0357525920629246
746	12505	13024	12739	0.0359324469996407
747	12530	13048	12766	0.0361141206211629
748	12555	13069	12794	0.0362976406533575
749	12580	13090	12822	0.0365096750638919
750	12606	13111	12849	0.0367242012486228
751	12631	13133	12876	0.036941263391208
752	12656	13155	12903	0.0371885459278542
753	12680	13176	12930	0.0374391613627855
754	12705	13200	12957	0.0376931775348662
755	12729	13223	12984	0.0379650721336371
756	12754	13245	13010	0.0382555470543229
757	12779	13265	13036	0.038550501156515
758	12803	13284	13062	0.0388651379712398
759	12828	13303	13088	0.0392003136025088
760	12852	13325	13113	0.0395413206801107
761	12877	13346	13138	0.0399042298483639
762	12900	13368	13164	0.040290088638195
763	12923	13389	13188	0.0406834825061025
764	12947	13409	13213	0.041101520756268
765	12970	13427	13237	0.0415282392026578
766	12994	13448	13261	0.0419815281276238
767	13017	13467	13285	0.0424628450106157
768	13040	13487	13309	0.0429737859905458
769	13063	13505	13332	0.0434971726837756
770	13085	13522	13355	0.0440334654337296
771	13108	13541	13378	0.0446030330062444
772	13130	13563	13400	0.0452079566003617
773	13152	13582	13422	0.0458505272810637
774	13174	13599	13444	0.0465116279069767
775	13195	13617	13466	0.0472143531633617
776	13217	13634	13487	0.0479386385426654
777	13239	13653	13508	0.0487092060399415
778	13260	13671	13528	0.0495294700346706
779	13281	13688	13548	0.0503778337531486
780	13302	13706	13568	0.0512820512820513
781	13323	13723	13588	0.0521648408972353
782	13343	13741	13607	0.0531067445565587
783	13363	13757	13626	0.0540540540540541
784	13383	13775	13644	0.055005500550055
785	13403	13792	13662	0.0559910414333707
786	13423	13810	13680	0.056980056980057
787	13443	13826	13698	0.0579710144927536
788	13463	13844	13715	0.0589970501474926
789	13482	13861	13732	0.0600600600600601
790	13501	13878	13749	0.0611246943765281
791	13521	13895	13765	0.0621890547263682
792	13540	13911	13781	0.0632911392405063
793	13559	13927	13797	0.0644329896907217
794	13578	13944	13812	0.0655307994757536
795	13596	13961	13828	0.066711140760507
796	13613	13978	13843	0.067842605156038
797	13631	13995	13857	0.069060773480663
798	13649	14011	13872	0.0702247191011236
799	13667	14028	13886	0.0714285714285714
800	13684	14044	13900	0.0726744186046512
801	13702	14060	13914	0.073909830007391
802	13719	14075	13927	0.0751314800901578
803	13736	14091	13941	0.0763941940412529
804	13753	14106	13954	0.077639751552795
805	13769	14121	13967	0.0789265982636148
806	13785	14136	13979	0.0801924619085806
807	13802	14151	13992	0.0814995925020375
808	13818	14164	14004	0.0827814569536424
809	13833	14178	14016	0.0841042893187553
810	13849	14192	14028	0.085397096498719
811	13865	14206	14040	0.0866551126516465
812	13880	14220	14051	0.0879507475813544
813	13896	14234	14063	0.0892857142857143
814	13910	14247	14074	0.0905797101449275
815	13925	14260	14085	0.0918273645546373
816	13940	14274	14096	0.0931098696461825
817	13955	14287	14106	0.0943396226415094
818	13969	14299	14117	0.0956022944550669
819	13983	14311	14128	0.0968054211035818
820	13997	14323	14138	0.0979431929480901
821	14011	14334	14148	0.0992063492063492
822	14025	14346	14158	0.100300902708124
823	14038	14357	14168	0.101419878296146
824	14051	14369	14178	0.102459016393443
825	14064	14379	14188	0.10351966873706
826	14077	14390	14197	0.104602510460251
827	14090	14401	14207	0.105596620908131
828	14102	14411	14216	0.106723585912487
829	14114	14422	14226	0.107758620689655
830	14127	14432	14235	0.108813928182807
831	14138	14442	14244	0.11001100110011
832	14148	14453	14253	0.111111111111111
833	14158	14462	14262	0.112233445566779
834	14168	14472	14271	0.113250283125708
835	14178	14483	14280	0.11441647597254
836	14187	14493	14289	0.115606936416185
837	14196	14501	14297	0.116686114352392
838	14205	14511	14306	0.117924528301887
839	14213	14520	14315	0.119047619047619
840	14222	14529	14323	0.120336943441637
841	14231	14538	14331	0.121506682867558
842	14239	14546	14339	0.122699386503067
843	14247	14555	14348	0.123915737298637
844	14254	14563	14356	0.125156445556946
845	14261	14572	14364	0.126422250316056
846	14268	14580	14372	0.127551020408163
847	14275	14588	14379	0.128865979381443
848	14282	14596	14387	0.130208333333333
849	14289	14604	14395	0.131406044678055
850	14295	14612	14402	0.13262599469496
851	14301	14619	14410	0.134048257372654
852	14308	14626	14417	0.13531799729364
853	14314	14634	14425	0.136612021857923
854	14320	14641	14432	0.137931034482759
855	14326	14648	14439	0.139275766016713
856	14332	14655	14447	0.140449438202247
857	14338	14662	14454	0.141843971631206
858	14344	14669	14461	0.143266475644699
859	14349	14677	14468	0.144508670520231
860	14355	14683	14475	0.145985401459854
861	14361	14690	14482	0.147275405007364
862	14366	14697	14488	0.148588410104012
863	14371	14703	14495	0.149925037481259
864	14377	14710	14502	0.151285930408472
865	14382	14716	14508	0.152671755725191
866	14387	14722	14515	0.154083204930663
867	14392	14729	14521	0.15552099533437
868	14398	14736	14528	0.156739811912226
869	14403	14742	14534	0.158227848101266
870	14408	14748	14541	0.159489633173844
871	14413	14755	14547	0.161030595813205
872	14418	14761	14553	0.162337662337662
873	14422	14767	14559	0.16366612111293
874	14426	14774	14565	0.165016501650165
875	14431	14781	14571	0.166389351081531
876	14435	14788	14577	0.167785234899329
877	14440	14794	14583	0.169204737732657
878	14444	14799	14589	0.170648464163823
879	14449	14805	14595	0.171821305841924
880	14453	14812	14601	0.173310225303293
881	14457	14818	14607	0.174520069808028
882	14461	14823	14612	0.175746924428822
883	14465	14830	14618	0.177304964539007
884	14469	14835	14624	0.178571428571429
885	14473	14841	14629	0.179856115107914
886	14477	14849	14635	0.181159420289855
887	14481	14855	14640	0.182149362477231
888	14485	14863	14646	0.18348623853211
889	14489	14870	14651	0.184842883548983
890	14493	14875	14657	0.185873605947955
891	14497	14882	14662	0.187265917602996
892	14500	14890	14667	0.188323917137476
893	14504	14896	14673	0.189753320683112
894	14507	14903	14678	0.190839694656489
895	14511	14909	14683	0.191938579654511
896	14514	14917	14689	0.193050193050193
897	14518	14922	14694	0.194174757281553
898	14521	14929	14699	0.194931773879142
899	14524	14936	14704	0.196078431372549
900	14528	14944	14709	0.19723865877712
901	14531	14951	14714	0.198019801980198
902	14534	14957	14719	0.199203187250996
903	14538	14964	14724	0.2
904	14541	14970	14729	0.200803212851406
905	14544	14977	14734	0.201612903225806
906	14548	14985	14739	0.202429149797571
907	14551	14992	14744	0.203252032520325
908	14554	14998	14749	0.204081632653061
909	14557	15005	14754	0.204918032786885
910	14559	15012	14759	0.205761316872428
911	14562	15019	14764	0.206185567010309
912	14565	15026	14768	0.20703933747412
913	14568	15033	14773	0.20746887966805
914	14572	15040	14778	0.207900207900208
915	14574	15047	14783	0.208333333333333
916	14577	15053	14788	0.209205020920502
917	14580	15060	14793	0.209205020920502
918	14583	15069	14797	0.209643605870021
919	14586	15075	14802	0.210084033613445
920	14589	15083	14807	0.210526315789474
921	14592	15090	14812	0.210970464135021
922	14595	15096	14816	0.210970464135021
923	14598	15103	14821	0.210970464135021
924	14601	15111	14826	0.211416490486258
925	14603	15119	14831	0.211416490486258
926	14606	15126	14835	0.211416490486258
927	14609	15134	14840	0.211416490486258
928	14612	15141	14845	0.211416490486258
929	14615	15149	14849	0.211416490486258
930	14617	15157	14854	0.211416490486258
931	14620	15165	14859	0.211416490486258
932	14623	15173	14864	0.211416490486258
933	14626	15181	14868	0.211416490486258
934	14628	15189	14873	0.211416490486258
935	14631	15196	14878	0.211416490486258
936	14634	15205	14883	0.211416490486258
937	14637	15213	14887	0.211416490486258
938	14639	15221	14892	0.211416490486258
939	14642	15229	14897	0.211416490486258
940	14645	15237	14901	0.211416490486258
941	14648	15244	14906	0.211416490486258
942	14650	15252	14911	0.211416490486258
943	14653	15260	14916	0.211416490486258
944	14655	15269	14920	0.211416490486258
945	14658	15277	14925	0.211416490486258
946	14660	15285	14930	0.211416490486258
947	14663	15294	14935	0.211416490486258
948	14665	15301	14939	0.211416490486258
949	14668	15310	14944	0.211416490486258
950	14670	15318	14949	0.211416490486258
951	14673	15325	14953	0.211416490486258
952	14676	15333	14958	0.211416490486258
953	14679	15340	14963	0.211416490486258
954	14681	15348	14968	0.211416490486258
955	14684	15357	14972	0.211416490486258
956	14686	15365	14977	0.211416490486258
957	14689	15373	14982	0.211416490486258
958	14692	15381	14987	0.211416490486258
959	14694	15389	14991	0.211416490486258
960	14697	15397	14996	0.211416490486258
961	14699	15405	15001	0.211416490486258
962	14702	15413	15005	0.211416490486258
963	14704	15421	15010	0.211416490486258
964	14706	15429	15015	0.211416490486258
965	14709	15437	15020	0.211416490486258
966	14711	15445	15024	0.211416490486258
967	14714	15453	15029	0.211416490486258
968	14716	15461	15034	0.211416490486258
969	14719	15469	15039	0.211416490486258
970	14721	15477	15043	0.211416490486258
971	14723	15485	15048	0.211416490486258
972	14726	15493	15053	0.211416490486258
973	14728	15501	15057	0.211416490486258
974	14731	15509	15062	0.211416490486258
975	14733	15518	15067	0.211416490486258
976	14736	15526	15072	0.211416490486258
977	14739	15534	15076	0.211416490486258
978	14741	15543	15081	0.211416490486258
979	14743	15550	15086	0.211416490486258
980	14746	15559	15091	0.211416490486258
981	14748	15567	15095	0.211416490486258
982	14751	15576	15100	0.211416490486258
983	14753	15585	15105	0.211416490486258
984	14755	15593	15109	0.211416490486258
985	14758	15601	15114	0.211416490486258
986	14760	15610	15119	0.211416490486258
987	14762	15618	15124	0.211416490486258
988	14765	15627	15128	0.211416490486258
989	14767	15635	15133	0.211416490486258
990	14769	15642	15138	0.211416490486258
991	14771	15650	15143	0.211416490486258
992	14774	15659	15147	0.211416490486258
993	14777	15667	15152	0.211416490486258
994	14779	15675	15157	0.211416490486258
995	14781	15683	15161	0.211416490486258
996	14783	15692	15166	0.211416490486258
997	14786	15700	15171	0.211416490486258
998	14788	15708	15176	0.211416490486258
999	14791	15716	15180	0.211416490486258
1000	14793	15724	15185	0.211416490486258
1001	14795	15732	15190	0.211416490486258
1002	14797	15740	15195	0.211416490486258
1003	14799	15748	15199	0.211416490486258
1004	14801	15757	15204	0.211416490486258
1005	14803	15765	15209	0.211416490486258
1006	14805	15774	15214	0.211416490486258
1007	14807	15782	15218	0.211416490486258
1008	14808	15791	15223	0.211416490486258
1009	14810	15799	15228	0.211416490486258
1010	14811	15807	15232	0.211416490486258
1011	14814	15815	15237	0.211416490486258
1012	14815	15824	15242	0.211416490486258
1013	14817	15832	15247	0.211416490486258
1014	14819	15839	15251	0.211416490486258
1015	14821	15847	15256	0.211416490486258
1016	14823	15855	15261	0.211416490486258
1017	14824	15864	15266	0.211416490486258
1018	14826	15872	15270	0.211416490486258
1019	14828	15881	15275	0.211416490486258
1020	14830	15889	15280	0.211416490486258
1021	14831	15897	15284	0.211416490486258
1022	14833	15904	15289	0.211416490486258
1023	14835	15912	15294	0.211416490486258
1024	14837	15920	15299	0.211416490486258
1025	14839	15929	15303	0.211416490486258
1026	14841	15937	15308	0.211416490486258
1027	14842	15945	15313	0.211416490486258
1028	14844	15953	15318	0.211416490486258
1029	14847	15962	15322	0.211416490486258
1030	14849	15970	15327	0.211416490486258
1031	14851	15978	15332	0.211416490486258
1032	14853	15987	15336	0.211416490486258
1033	14854	15995	15341	0.211416490486258
1034	14856	16003	15346	0.211416490486258
1035	14858	16011	15351	0.211416490486258
1036	14860	16020	15355	0.211416490486258
1037	14861	16029	15360	0.211416490486258
1038	14863	16038	15365	0.211416490486258
1039	14864	16047	15370	0.211416490486258
1040	14867	16055	15374	NA
